
<table style="text-align:center"><caption><strong>Correlation Table</strong></caption>
<tr><td colspan="14" style="border-bottom: 1px solid black"></td></tr><tr><td style="text-align:left"></td><td>AverageAttendance</td><td>OccupancyRate</td><td>YellowCardDifference</td><td>RatingDifference</td><td>ExpectedGoalsDifference</td><td>AgeDifference</td><td>RedCardDifference</td><td>ImportanceDifference</td><td>GoalDifference</td><td>FoulDifference</td><td>ForeignersShareDifference</td><td>PercentagePointsHome</td><td>VAR</td></tr>
<tr><td colspan="14" style="border-bottom: 1px solid black"></td></tr><tr><td style="text-align:left">AverageAttendance</td><td>1</td><td>0.750</td><td>-0.057</td><td>0.273</td><td>0.179</td><td>-0.041</td><td>-0.003</td><td>0.138</td><td>0.176</td><td>-0.061</td><td>0.139</td><td>0.162</td><td>-0.109</td></tr>
<tr><td style="text-align:left">OccupancyRate</td><td>0.750</td><td>1</td><td>-0.050</td><td>0.043</td><td>0.061</td><td>-0.0002</td><td>-0.003</td><td>0.030</td><td>0.065</td><td>-0.034</td><td>0.015</td><td>0.060</td><td>-0.204</td></tr>
<tr><td style="text-align:left">YellowCardDifference</td><td>-0.057</td><td>-0.050</td><td>1</td><td>-0.137</td><td>-0.135</td><td>0.061</td><td>0.157</td><td>-0.048</td><td>-0.106</td><td>0.316</td><td>-0.041</td><td>-0.085</td><td>0.017</td></tr>
<tr><td style="text-align:left">RatingDifference</td><td>0.273</td><td>0.043</td><td>-0.137</td><td>1</td><td>0.571</td><td>-0.076</td><td>-0.034</td><td>0.429</td><td>0.467</td><td>-0.049</td><td>0.380</td><td>0.421</td><td>0.0003</td></tr>
<tr><td style="text-align:left">ExpectedGoalsDifference</td><td>0.179</td><td>0.061</td><td>-0.135</td><td>0.571</td><td>1</td><td>-0.059</td><td>-0.169</td><td>0.276</td><td>0.625</td><td>-0.016</td><td>0.222</td><td>0.516</td><td>-0.008</td></tr>
<tr><td style="text-align:left">AgeDifference</td><td>-0.041</td><td>-0.0002</td><td>0.061</td><td>-0.076</td><td>-0.059</td><td>1</td><td>-0.002</td><td>-0.011</td><td>-0.042</td><td>0.082</td><td>-0.127</td><td>-0.025</td><td>0.001</td></tr>
<tr><td style="text-align:left">RedCardDifference</td><td>-0.003</td><td>-0.003</td><td>0.157</td><td>-0.034</td><td>-0.169</td><td>-0.002</td><td>1</td><td>-0.025</td><td>-0.174</td><td>0.002</td><td>-0.005</td><td>-0.175</td><td>0.00004</td></tr>
<tr><td style="text-align:left">ImportanceDifference</td><td>0.138</td><td>0.030</td><td>-0.048</td><td>0.429</td><td>0.276</td><td>-0.011</td><td>-0.025</td><td>1</td><td>0.227</td><td>-0.036</td><td>0.226</td><td>0.204</td><td>-0.008</td></tr>
<tr><td style="text-align:left">GoalDifference</td><td>0.176</td><td>0.065</td><td>-0.106</td><td>0.467</td><td>0.625</td><td>-0.042</td><td>-0.174</td><td>0.227</td><td>1</td><td>0.014</td><td>0.182</td><td>0.857</td><td>-0.014</td></tr>
<tr><td style="text-align:left">FoulDifference</td><td>-0.061</td><td>-0.034</td><td>0.316</td><td>-0.049</td><td>-0.016</td><td>0.082</td><td>0.002</td><td>-0.036</td><td>0.014</td><td>1</td><td>-0.017</td><td>0.009</td><td>-0.014</td></tr>
<tr><td style="text-align:left">ForeignersShareDifference</td><td>0.139</td><td>0.015</td><td>-0.041</td><td>0.380</td><td>0.222</td><td>-0.127</td><td>-0.005</td><td>0.226</td><td>0.182</td><td>-0.017</td><td>1</td><td>0.160</td><td>-0.0002</td></tr>
<tr><td style="text-align:left">PercentagePointsHome</td><td>0.162</td><td>0.060</td><td>-0.085</td><td>0.421</td><td>0.516</td><td>-0.025</td><td>-0.175</td><td>0.204</td><td>0.857</td><td>0.009</td><td>0.160</td><td>1</td><td>-0.012</td></tr>
<tr><td style="text-align:left">VAR</td><td>-0.109</td><td>-0.204</td><td>0.017</td><td>0.0003</td><td>-0.008</td><td>0.001</td><td>0.00004</td><td>-0.008</td><td>-0.014</td><td>-0.014</td><td>-0.0002</td><td>-0.012</td><td>1</td></tr>
<tr><td colspan="14" style="border-bottom: 1px solid black"></td></tr></table>
